boundary
(
      Sphere1.contact 
       {
          type wall;
          faces
          (
              (0 4 7 3) 
              (2 6 5 1) 
              (1 5 4 0) 
              (3 7 6 2) 
              (0 3 2 1) 
              (4 5 6 7) 
          );
        }

      Sphere2.contact 
       {
          type wall;
          faces
          (
              (8 12 15 11) 
              (10 14 13 9) 
              (9 13 12 8) 
              (11 15 14 10) 
              (8 11 10 9) 
              (12 13 14 15) 
          );
        }

      Sphere3.contact 
       {
          type wall;
          faces
          (
              (16 20 23 19) 
              (18 22 21 17) 
              (17 21 20 16) 
              (19 23 22 18) 
              (16 19 18 17) 
              (20 21 22 23) 
          );
        }

      Sphere4.contact 
       {
          type wall;
          faces
          (
              (24 28 31 27) 
              (26 30 29 25) 
              (25 29 28 24) 
              (27 31 30 26) 
              (24 27 26 25) 
              (28 29 30 31) 
          );
        }

      Sphere5.contact 
       {
          type wall;
          faces
          (
              (32 36 39 35) 
              (34 38 37 33) 
              (33 37 36 32) 
              (35 39 38 34) 
              (32 35 34 33) 
              (36 37 38 39) 
          );
        }

      Sphere6.contact 
       {
          type wall;
          faces
          (
              (40 44 47 43) 
              (42 46 45 41) 
              (41 45 44 40) 
              (43 47 46 42) 
              (40 43 42 41) 
              (44 45 46 47) 
          );
        }

      Sphere7.contact 
       {
          type wall;
          faces
          (
              (48 52 55 51) 
              (50 54 53 49) 
              (49 53 52 48) 
              (51 55 54 50) 
              (48 51 50 49) 
              (52 53 54 55) 
          );
        }

      Sphere8.contact 
       {
          type wall;
          faces
          (
              (56 60 63 59) 
              (58 62 61 57) 
              (57 61 60 56) 
              (59 63 62 58) 
              (56 59 58 57) 
              (60 61 62 63) 
          );
        }

      Sphere9.contact 
       {
          type wall;
          faces
          (
              (64 68 71 67) 
              (66 70 69 65) 
              (65 69 68 64) 
              (67 71 70 66) 
              (64 67 66 65) 
              (68 69 70 71) 
          );
        }

      Sphere10.contact 
       {
          type wall;
          faces
          (
              (72 76 79 75) 
              (74 78 77 73) 
              (73 77 76 72) 
              (75 79 78 74) 
              (72 75 74 73) 
              (76 77 78 79) 
          );
        }

      Sphere11.contact 
       {
          type wall;
          faces
          (
              (80 84 87 83) 
              (82 86 85 81) 
              (81 85 84 80) 
              (83 87 86 82) 
              (80 83 82 81) 
              (84 85 86 87) 
          );
        }

      Sphere12.contact 
       {
          type wall;
          faces
          (
              (88 92 95 91) 
              (90 94 93 89) 
              (89 93 92 88) 
              (91 95 94 90) 
              (88 91 90 89) 
              (92 93 94 95) 
          );
        }

      Sphere13.contact 
       {
          type wall;
          faces
          (
              (96 100 103 99) 
              (98 102 101 97) 
              (97 101 100 96) 
              (99 103 102 98) 
              (96 99 98 97) 
              (100 101 102 103) 
          );
        }

      Sphere14.contact 
       {
          type wall;
          faces
          (
              (104 108 111 107) 
              (106 110 109 105) 
              (105 109 108 104) 
              (107 111 110 106) 
              (104 107 106 105) 
              (108 109 110 111) 
          );
        }

      Sphere15.contact 
       {
          type wall;
          faces
          (
              (112 116 119 115) 
              (114 118 117 113) 
              (113 117 116 112) 
              (115 119 118 114) 
              (112 115 114 113) 
              (116 117 118 119) 
          );
        }

      Sphere16.contact 
       {
          type wall;
          faces
          (
              (120 124 127 123) 
              (122 126 125 121) 
              (121 125 124 120) 
              (123 127 126 122) 
              (120 123 122 121) 
              (124 125 126 127) 
          );
        }

      Sphere17.contact 
       {
          type wall;
          faces
          (
              (128 132 135 131) 
              (130 134 133 129) 
              (129 133 132 128) 
              (131 135 134 130) 
              (128 131 130 129) 
              (132 133 134 135) 
          );
        }

      Sphere18.contact 
       {
          type wall;
          faces
          (
              (136 140 143 139) 
              (138 142 141 137) 
              (137 141 140 136) 
              (139 143 142 138) 
              (136 139 138 137) 
              (140 141 142 143) 
          );
        }

      Sphere19.contact 
       {
          type wall;
          faces
          (
              (144 148 151 147) 
              (146 150 149 145) 
              (145 149 148 144) 
              (147 151 150 146) 
              (144 147 146 145) 
              (148 149 150 151) 
          );
        }

      Sphere20.contact 
       {
          type wall;
          faces
          (
              (152 156 159 155) 
              (154 158 157 153) 
              (153 157 156 152) 
              (155 159 158 154) 
              (152 155 154 153) 
              (156 157 158 159) 
          );
        }

      Sphere21.contact 
       {
          type wall;
          faces
          (
              (160 164 167 163) 
              (162 166 165 161) 
              (161 165 164 160) 
              (163 167 166 162) 
              (160 163 162 161) 
              (164 165 166 167) 
          );
        }

      Sphere22.contact 
       {
          type wall;
          faces
          (
              (168 172 175 171) 
              (170 174 173 169) 
              (169 173 172 168) 
              (171 175 174 170) 
              (168 171 170 169) 
              (172 173 174 175) 
          );
        }

      Sphere23.contact 
       {
          type wall;
          faces
          (
              (176 180 183 179) 
              (178 182 181 177) 
              (177 181 180 176)
			  (179 183 182 178)
              (176 179 178 177) 
              (180 181 182 183) 
          );
        }

      //Sphere23.fixed 
      // {
      //    type wall;
      //    faces
      // (        (179 183 182 178)
      //    );
      //  }
		
		
		
	   bottomPunch
	   {
          type wall;
          faces
		(
			(184 188 191 187) 
			(186 190 189 185) 
			(185 189 188 184)
			//(187 191 190 186) 
			(184 187 186 185) 
			(188 189 190 191) 
	
		);
	   }
		
	  bottomPunchUp
	  {
          type wall;
          faces
       (        (187 191 190 186) 
          );
	  }
		
	
	
	   topPunch
       {
          type wall;
          faces	   
		(
			(192 196 199 195) 
			(194 198 197 193) 
			//(193 197 196 192)
			(195 199 198 194) 
			(192 195 194 193) 
			(196 197 198 199) 
	
		);
		}
		
	
	  topPunchDown
	  {
          type wall;
          faces
       (        (193 197 196 192)
          );
	  }
	
	
	
	  left	
	  {
          type wall;
          faces
		(
			(200 204 207 203) 
			(202 206 205 201) 
			(201 205 204 200)
			(203 207 206 202) 
			(200 203 202 201) 
			(204 205 206 207) 
	
		);
	   }
		
		
	  right
      {
          type wall;
          faces	  
		(
			(208 212 215 211) 
			(210 214 213 209) 
			(209 213 212 208)
			(211 215 214 210) 
			(208 211 210 209) 
			(212 213 214 215) 
	
		);
	  }
 
);
