edges
(
       arc 0 1 (0.0000000 -0.4949747 -0.4949747)
       arc 2 3 (0.0000000 0.4949747 -0.4949747)
       arc 6 7 (0.0000000 0.4949747 0.4949747)
       arc 4 5 (0.0000000 -0.4949747 0.4949747)
       arc 0 3 (-0.4949747 0.0000000 -0.4949747)
       arc 1 2 (0.4949747 0.0000000 -0.4949747)
       arc 5 6 (0.4949747 0.0000000 0.4949747)
       arc 4 7 (-0.4949747 0.0000000 0.4949747)
       arc 0 4 (-0.4949747 -0.4949747 0.0000000)
       arc 1 5 (0.4949747 -0.4949747 0.0000000)
       arc 2 6 (0.4949747 0.4949747 0.0000000)
       arc 3 7 (-0.4949747 0.4949747 0.0000000)
       arc 8 9 (1.4400000 -0.4949747 -0.4949747)
       arc 10 11 (1.4400000 0.4949747 -0.4949747)
       arc 14 15 (1.4400000 0.4949747 0.4949747)
       arc 12 13 (1.4400000 -0.4949747 0.4949747)
       arc 8 11 (0.9450253 0.0000000 -0.4949747)
       arc 9 10 (1.9349747 0.0000000 -0.4949747)
       arc 13 14 (1.9349747 0.0000000 0.4949747)
       arc 12 15 (0.9450253 0.0000000 0.4949747)
       arc 8 12 (0.9450253 -0.4949747 0.0000000)
       arc 9 13 (1.9349747 -0.4949747 0.0000000)
       arc 10 14 (1.9349747 0.4949747 0.0000000)
       arc 11 15 (0.9450253 0.4949747 0.0000000)
       arc 16 17 (2.8800000 -0.4949747 -0.4949747)
       arc 18 19 (2.8800000 0.4949747 -0.4949747)
       arc 22 23 (2.8800000 0.4949747 0.4949747)
       arc 20 21 (2.8800000 -0.4949747 0.4949747)
       arc 16 19 (2.3850253 0.0000000 -0.4949747)
       arc 17 18 (3.3749747 0.0000000 -0.4949747)
       arc 21 22 (3.3749747 0.0000000 0.4949747)
       arc 20 23 (2.3850253 0.0000000 0.4949747)
       arc 16 20 (2.3850253 -0.4949747 0.0000000)
       arc 17 21 (3.3749747 -0.4949747 0.0000000)
       arc 18 22 (3.3749747 0.4949747 0.0000000)
       arc 19 23 (2.3850253 0.4949747 0.0000000)
       arc 24 25 (4.3200000 -0.4949747 -0.4949747)
       arc 26 27 (4.3200000 0.4949747 -0.4949747)
       arc 30 31 (4.3200000 0.4949747 0.4949747)
       arc 28 29 (4.3200000 -0.4949747 0.4949747)
       arc 24 27 (3.8250253 0.0000000 -0.4949747)
       arc 25 26 (4.8149747 0.0000000 -0.4949747)
       arc 29 30 (4.8149747 0.0000000 0.4949747)
       arc 28 31 (3.8250253 0.0000000 0.4949747)
       arc 24 28 (3.8250253 -0.4949747 0.0000000)
       arc 25 29 (4.8149747 -0.4949747 0.0000000)
       arc 26 30 (4.8149747 0.4949747 0.0000000)
       arc 27 31 (3.8250253 0.4949747 0.0000000)
       arc 32 33 (5.7600000 -0.4949747 -0.4949747)
       arc 34 35 (5.7600000 0.4949747 -0.4949747)
       arc 38 39 (5.7600000 0.4949747 0.4949747)
       arc 36 37 (5.7600000 -0.4949747 0.4949747)
       arc 32 35 (5.2650253 0.0000000 -0.4949747)
       arc 33 34 (6.2549747 0.0000000 -0.4949747)
       arc 37 38 (6.2549747 0.0000000 0.4949747)
       arc 36 39 (5.2650253 0.0000000 0.4949747)
       arc 32 36 (5.2650253 -0.4949747 0.0000000)
       arc 33 37 (6.2549747 -0.4949747 0.0000000)
       arc 34 38 (6.2549747 0.4949747 0.0000000)
       arc 35 39 (5.2650253 0.4949747 0.0000000)
       arc 40 41 (0.7200000 0.7050253 -0.4949747)
       arc 42 43 (0.7200000 1.6949747 -0.4949747)
       arc 46 47 (0.7200000 1.6949747 0.4949747)
       arc 44 45 (0.7200000 0.7050253 0.4949747)
       arc 40 43 (0.2250253 1.2000000 -0.4949747)
       arc 41 42 (1.2149747 1.2000000 -0.4949747)
       arc 45 46 (1.2149747 1.2000000 0.4949747)
       arc 44 47 (0.2250253 1.2000000 0.4949747)
       arc 40 44 (0.2250253 0.7050253 0.0000000)
       arc 41 45 (1.2149747 0.7050253 0.0000000)
       arc 42 46 (1.2149747 1.6949747 0.0000000)
       arc 43 47 (0.2250253 1.6949747 0.0000000)
       arc 48 49 (2.1600000 0.7050253 -0.4949747)
       arc 50 51 (2.1600000 1.6949747 -0.4949747)
       arc 54 55 (2.1600000 1.6949747 0.4949747)
       arc 52 53 (2.1600000 0.7050253 0.4949747)
       arc 48 51 (1.6650253 1.2000000 -0.4949747)
       arc 49 50 (2.6549747 1.2000000 -0.4949747)
       arc 53 54 (2.6549747 1.2000000 0.4949747)
       arc 52 55 (1.6650253 1.2000000 0.4949747)
       arc 48 52 (1.6650253 0.7050253 0.0000000)
       arc 49 53 (2.6549747 0.7050253 0.0000000)
       arc 50 54 (2.6549747 1.6949747 0.0000000)
       arc 51 55 (1.6650253 1.6949747 0.0000000)
       arc 56 57 (3.6000000 0.7050253 -0.4949747)
       arc 58 59 (3.6000000 1.6949747 -0.4949747)
       arc 62 63 (3.6000000 1.6949747 0.4949747)
       arc 60 61 (3.6000000 0.7050253 0.4949747)
       arc 56 59 (3.1050253 1.2000000 -0.4949747)
       arc 57 58 (4.0949747 1.2000000 -0.4949747)
       arc 61 62 (4.0949747 1.2000000 0.4949747)
       arc 60 63 (3.1050253 1.2000000 0.4949747)
       arc 56 60 (3.1050253 0.7050253 0.0000000)
       arc 57 61 (4.0949747 0.7050253 0.0000000)
       arc 58 62 (4.0949747 1.6949747 0.0000000)
       arc 59 63 (3.1050253 1.6949747 0.0000000)
       arc 64 65 (5.0400000 0.7050253 -0.4949747)
       arc 66 67 (5.0400000 1.6949747 -0.4949747)
       arc 70 71 (5.0400000 1.6949747 0.4949747)
       arc 68 69 (5.0400000 0.7050253 0.4949747)
       arc 64 67 (4.5450253 1.2000000 -0.4949747)
       arc 65 66 (5.5349747 1.2000000 -0.4949747)
       arc 69 70 (5.5349747 1.2000000 0.4949747)
       arc 68 71 (4.5450253 1.2000000 0.4949747)
       arc 64 68 (4.5450253 0.7050253 0.0000000)
       arc 65 69 (5.5349747 0.7050253 0.0000000)
       arc 66 70 (5.5349747 1.6949747 0.0000000)
       arc 67 71 (4.5450253 1.6949747 0.0000000)
       arc 72 73 (0.0000000 1.9050253 -0.4949747)
       arc 74 75 (0.0000000 2.8949747 -0.4949747)
       arc 78 79 (0.0000000 2.8949747 0.4949747)
       arc 76 77 (0.0000000 1.9050253 0.4949747)
       arc 72 75 (-0.4949747 2.4000000 -0.4949747)
       arc 73 74 (0.4949747 2.4000000 -0.4949747)
       arc 77 78 (0.4949747 2.4000000 0.4949747)
       arc 76 79 (-0.4949747 2.4000000 0.4949747)
       arc 72 76 (-0.4949747 1.9050253 0.0000000)
       arc 73 77 (0.4949747 1.9050253 0.0000000)
       arc 74 78 (0.4949747 2.8949747 0.0000000)
       arc 75 79 (-0.4949747 2.8949747 0.0000000)
       arc 80 81 (1.4400000 1.9050253 -0.4949747)
       arc 82 83 (1.4400000 2.8949747 -0.4949747)
       arc 86 87 (1.4400000 2.8949747 0.4949747)
       arc 84 85 (1.4400000 1.9050253 0.4949747)
       arc 80 83 (0.9450253 2.4000000 -0.4949747)
       arc 81 82 (1.9349747 2.4000000 -0.4949747)
       arc 85 86 (1.9349747 2.4000000 0.4949747)
       arc 84 87 (0.9450253 2.4000000 0.4949747)
       arc 80 84 (0.9450253 1.9050253 0.0000000)
       arc 81 85 (1.9349747 1.9050253 0.0000000)
       arc 82 86 (1.9349747 2.8949747 0.0000000)
       arc 83 87 (0.9450253 2.8949747 0.0000000)
       arc 88 89 (2.8800000 1.9050253 -0.4949747)
       arc 90 91 (2.8800000 2.8949747 -0.4949747)
       arc 94 95 (2.8800000 2.8949747 0.4949747)
       arc 92 93 (2.8800000 1.9050253 0.4949747)
       arc 88 91 (2.3850253 2.4000000 -0.4949747)
       arc 89 90 (3.3749747 2.4000000 -0.4949747)
       arc 93 94 (3.3749747 2.4000000 0.4949747)
       arc 92 95 (2.3850253 2.4000000 0.4949747)
       arc 88 92 (2.3850253 1.9050253 0.0000000)
       arc 89 93 (3.3749747 1.9050253 0.0000000)
       arc 90 94 (3.3749747 2.8949747 0.0000000)
       arc 91 95 (2.3850253 2.8949747 0.0000000)
       arc 96 97 (4.3200000 1.9050253 -0.4949747)
       arc 98 99 (4.3200000 2.8949747 -0.4949747)
       arc 102 103 (4.3200000 2.8949747 0.4949747)
       arc 100 101 (4.3200000 1.9050253 0.4949747)
       arc 96 99 (3.8250253 2.4000000 -0.4949747)
       arc 97 98 (4.8149747 2.4000000 -0.4949747)
       arc 101 102 (4.8149747 2.4000000 0.4949747)
       arc 100 103 (3.8250253 2.4000000 0.4949747)
       arc 96 100 (3.8250253 1.9050253 0.0000000)
       arc 97 101 (4.8149747 1.9050253 0.0000000)
       arc 98 102 (4.8149747 2.8949747 0.0000000)
       arc 99 103 (3.8250253 2.8949747 0.0000000)
       arc 104 105 (5.7600000 1.9050253 -0.4949747)
       arc 106 107 (5.7600000 2.8949747 -0.4949747)
       arc 110 111 (5.7600000 2.8949747 0.4949747)
       arc 108 109 (5.7600000 1.9050253 0.4949747)
       arc 104 107 (5.2650253 2.4000000 -0.4949747)
       arc 105 106 (6.2549747 2.4000000 -0.4949747)
       arc 109 110 (6.2549747 2.4000000 0.4949747)
       arc 108 111 (5.2650253 2.4000000 0.4949747)
       arc 104 108 (5.2650253 1.9050253 0.0000000)
       arc 105 109 (6.2549747 1.9050253 0.0000000)
       arc 106 110 (6.2549747 2.8949747 0.0000000)
       arc 107 111 (5.2650253 2.8949747 0.0000000)
       arc 112 113 (0.7200000 3.1050253 -0.4949747)
       arc 114 115 (0.7200000 4.0949747 -0.4949747)
       arc 118 119 (0.7200000 4.0949747 0.4949747)
       arc 116 117 (0.7200000 3.1050253 0.4949747)
       arc 112 115 (0.2250253 3.6000000 -0.4949747)
       arc 113 114 (1.2149747 3.6000000 -0.4949747)
       arc 117 118 (1.2149747 3.6000000 0.4949747)
       arc 116 119 (0.2250253 3.6000000 0.4949747)
       arc 112 116 (0.2250253 3.1050253 0.0000000)
       arc 113 117 (1.2149747 3.1050253 0.0000000)
       arc 114 118 (1.2149747 4.0949747 0.0000000)
       arc 115 119 (0.2250253 4.0949747 0.0000000)
       arc 120 121 (2.1600000 3.1050253 -0.4949747)
       arc 122 123 (2.1600000 4.0949747 -0.4949747)
       arc 126 127 (2.1600000 4.0949747 0.4949747)
       arc 124 125 (2.1600000 3.1050253 0.4949747)
       arc 120 123 (1.6650253 3.6000000 -0.4949747)
       arc 121 122 (2.6549747 3.6000000 -0.4949747)
       arc 125 126 (2.6549747 3.6000000 0.4949747)
       arc 124 127 (1.6650253 3.6000000 0.4949747)
       arc 120 124 (1.6650253 3.1050253 0.0000000)
       arc 121 125 (2.6549747 3.1050253 0.0000000)
       arc 122 126 (2.6549747 4.0949747 0.0000000)
       arc 123 127 (1.6650253 4.0949747 0.0000000)
       arc 128 129 (3.6000000 3.1050253 -0.4949747)
       arc 130 131 (3.6000000 4.0949747 -0.4949747)
       arc 134 135 (3.6000000 4.0949747 0.4949747)
       arc 132 133 (3.6000000 3.1050253 0.4949747)
       arc 128 131 (3.1050253 3.6000000 -0.4949747)
       arc 129 130 (4.0949747 3.6000000 -0.4949747)
       arc 133 134 (4.0949747 3.6000000 0.4949747)
       arc 132 135 (3.1050253 3.6000000 0.4949747)
       arc 128 132 (3.1050253 3.1050253 0.0000000)
       arc 129 133 (4.0949747 3.1050253 0.0000000)
       arc 130 134 (4.0949747 4.0949747 0.0000000)
       arc 131 135 (3.1050253 4.0949747 0.0000000)
       arc 136 137 (5.0400000 3.1050253 -0.4949747)
       arc 138 139 (5.0400000 4.0949747 -0.4949747)
       arc 142 143 (5.0400000 4.0949747 0.4949747)
       arc 140 141 (5.0400000 3.1050253 0.4949747)
       arc 136 139 (4.5450253 3.6000000 -0.4949747)
       arc 137 138 (5.5349747 3.6000000 -0.4949747)
       arc 141 142 (5.5349747 3.6000000 0.4949747)
       arc 140 143 (4.5450253 3.6000000 0.4949747)
       arc 136 140 (4.5450253 3.1050253 0.0000000)
       arc 137 141 (5.5349747 3.1050253 0.0000000)
       arc 138 142 (5.5349747 4.0949747 0.0000000)
       arc 139 143 (4.5450253 4.0949747 0.0000000)
       arc 144 145 (0.0000000 4.3050253 -0.4949747)
       arc 146 147 (0.0000000 5.2949747 -0.4949747)
       arc 150 151 (0.0000000 5.2949747 0.4949747)
       arc 148 149 (0.0000000 4.3050253 0.4949747)
       arc 144 147 (-0.4949747 4.8000000 -0.4949747)
       arc 145 146 (0.4949747 4.8000000 -0.4949747)
       arc 149 150 (0.4949747 4.8000000 0.4949747)
       arc 148 151 (-0.4949747 4.8000000 0.4949747)
       arc 144 148 (-0.4949747 4.3050253 0.0000000)
       arc 145 149 (0.4949747 4.3050253 0.0000000)
       arc 146 150 (0.4949747 5.2949747 0.0000000)
       arc 147 151 (-0.4949747 5.2949747 0.0000000)
       arc 152 153 (1.4400000 4.3050253 -0.4949747)
       arc 154 155 (1.4400000 5.2949747 -0.4949747)
       arc 158 159 (1.4400000 5.2949747 0.4949747)
       arc 156 157 (1.4400000 4.3050253 0.4949747)
       arc 152 155 (0.9450253 4.8000000 -0.4949747)
       arc 153 154 (1.9349747 4.8000000 -0.4949747)
       arc 157 158 (1.9349747 4.8000000 0.4949747)
       arc 156 159 (0.9450253 4.8000000 0.4949747)
       arc 152 156 (0.9450253 4.3050253 0.0000000)
       arc 153 157 (1.9349747 4.3050253 0.0000000)
       arc 154 158 (1.9349747 5.2949747 0.0000000)
       arc 155 159 (0.9450253 5.2949747 0.0000000)
       arc 160 161 (2.8800000 4.3050253 -0.4949747)
       arc 162 163 (2.8800000 5.2949747 -0.4949747)
       arc 166 167 (2.8800000 5.2949747 0.4949747)
       arc 164 165 (2.8800000 4.3050253 0.4949747)
       arc 160 163 (2.3850253 4.8000000 -0.4949747)
       arc 161 162 (3.3749747 4.8000000 -0.4949747)
       arc 165 166 (3.3749747 4.8000000 0.4949747)
       arc 164 167 (2.3850253 4.8000000 0.4949747)
       arc 160 164 (2.3850253 4.3050253 0.0000000)
       arc 161 165 (3.3749747 4.3050253 0.0000000)
       arc 162 166 (3.3749747 5.2949747 0.0000000)
       arc 163 167 (2.3850253 5.2949747 0.0000000)
       arc 168 169 (4.3200000 4.3050253 -0.4949747)
       arc 170 171 (4.3200000 5.2949747 -0.4949747)
       arc 174 175 (4.3200000 5.2949747 0.4949747)
       arc 172 173 (4.3200000 4.3050253 0.4949747)
       arc 168 171 (3.8250253 4.8000000 -0.4949747)
       arc 169 170 (4.8149747 4.8000000 -0.4949747)
       arc 173 174 (4.8149747 4.8000000 0.4949747)
       arc 172 175 (3.8250253 4.8000000 0.4949747)
       arc 168 172 (3.8250253 4.3050253 0.0000000)
       arc 169 173 (4.8149747 4.3050253 0.0000000)
       arc 170 174 (4.8149747 5.2949747 0.0000000)
       arc 171 175 (3.8250253 5.2949747 0.0000000)
       arc 176 177 (5.7600000 4.3050253 -0.4949747)
       arc 178 179 (5.7600000 5.2949747 -0.4949747)
       arc 182 183 (5.7600000 5.2949747 0.4949747)
       arc 180 181 (5.7600000 4.3050253 0.4949747)
       arc 176 179 (5.2650253 4.8000000 -0.4949747)
       arc 177 178 (6.2549747 4.8000000 -0.4949747)
       arc 181 182 (6.2549747 4.8000000 0.4949747)
       arc 180 183 (5.2650253 4.8000000 0.4949747)
       arc 176 180 (5.2650253 4.3050253 0.0000000)
       arc 177 181 (6.2549747 4.3050253 0.0000000)
       arc 178 182 (6.2549747 5.2949747 0.0000000)
       arc 179 183 (5.2650253 5.2949747 0.0000000)
);
