vertices
(
       (-0.4041451 -0.4041451 -0.4041451 )
       (0.4041451 -0.4041451 -0.4041451 )
       (0.4041451 0.4041451 -0.4041451 )
       (-0.4041451 0.4041451 -0.4041451 )
       (-0.4041451 -0.4041451 0.4041451 )
       (0.4041451 -0.4041451 0.4041451 )
       (0.4041451 0.4041451 0.4041451 )
       (-0.4041451 0.4041451 0.4041451 )
       (1.0358549 -0.4041451 -0.4041451 )
       (1.8441451 -0.4041451 -0.4041451 )
       (1.8441451 0.4041451 -0.4041451 )
       (1.0358549 0.4041451 -0.4041451 )
       (1.0358549 -0.4041451 0.4041451 )
       (1.8441451 -0.4041451 0.4041451 )
       (1.8441451 0.4041451 0.4041451 )
       (1.0358549 0.4041451 0.4041451 )
       (2.4758549 -0.4041451 -0.4041451 )
       (3.2841451 -0.4041451 -0.4041451 )
       (3.2841451 0.4041451 -0.4041451 )
       (2.4758549 0.4041451 -0.4041451 )
       (2.4758549 -0.4041451 0.4041451 )
       (3.2841451 -0.4041451 0.4041451 )
       (3.2841451 0.4041451 0.4041451 )
       (2.4758549 0.4041451 0.4041451 )
       (3.9158549 -0.4041451 -0.4041451 )
       (4.7241451 -0.4041451 -0.4041451 )
       (4.7241451 0.4041451 -0.4041451 )
       (3.9158549 0.4041451 -0.4041451 )
       (3.9158549 -0.4041451 0.4041451 )
       (4.7241451 -0.4041451 0.4041451 )
       (4.7241451 0.4041451 0.4041451 )
       (3.9158549 0.4041451 0.4041451 )
       (5.3558549 -0.4041451 -0.4041451 )
       (6.1641451 -0.4041451 -0.4041451 )
       (6.1641451 0.4041451 -0.4041451 )
       (5.3558549 0.4041451 -0.4041451 )
       (5.3558549 -0.4041451 0.4041451 )
       (6.1641451 -0.4041451 0.4041451 )
       (6.1641451 0.4041451 0.4041451 )
       (5.3558549 0.4041451 0.4041451 )
       (0.3158549 0.7958549 -0.4041451 )
       (1.1241451 0.7958549 -0.4041451 )
       (1.1241451 1.6041451 -0.4041451 )
       (0.3158549 1.6041451 -0.4041451 )
       (0.3158549 0.7958549 0.4041451 )
       (1.1241451 0.7958549 0.4041451 )
       (1.1241451 1.6041451 0.4041451 )
       (0.3158549 1.6041451 0.4041451 )
       (1.7558549 0.7958549 -0.4041451 )
       (2.5641451 0.7958549 -0.4041451 )
       (2.5641451 1.6041451 -0.4041451 )
       (1.7558549 1.6041451 -0.4041451 )
       (1.7558549 0.7958549 0.4041451 )
       (2.5641451 0.7958549 0.4041451 )
       (2.5641451 1.6041451 0.4041451 )
       (1.7558549 1.6041451 0.4041451 )
       (3.1958549 0.7958549 -0.4041451 )
       (4.0041451 0.7958549 -0.4041451 )
       (4.0041451 1.6041451 -0.4041451 )
       (3.1958549 1.6041451 -0.4041451 )
       (3.1958549 0.7958549 0.4041451 )
       (4.0041451 0.7958549 0.4041451 )
       (4.0041451 1.6041451 0.4041451 )
       (3.1958549 1.6041451 0.4041451 )
       (4.6358549 0.7958549 -0.4041451 )
       (5.4441451 0.7958549 -0.4041451 )
       (5.4441451 1.6041451 -0.4041451 )
       (4.6358549 1.6041451 -0.4041451 )
       (4.6358549 0.7958549 0.4041451 )
       (5.4441451 0.7958549 0.4041451 )
       (5.4441451 1.6041451 0.4041451 )
       (4.6358549 1.6041451 0.4041451 )
       (-0.4041451 1.9958549 -0.4041451 )
       (0.4041451 1.9958549 -0.4041451 )
       (0.4041451 2.8041451 -0.4041451 )
       (-0.4041451 2.8041451 -0.4041451 )
       (-0.4041451 1.9958549 0.4041451 )
       (0.4041451 1.9958549 0.4041451 )
       (0.4041451 2.8041451 0.4041451 )
       (-0.4041451 2.8041451 0.4041451 )
       (1.0358549 1.9958549 -0.4041451 )
       (1.8441451 1.9958549 -0.4041451 )
       (1.8441451 2.8041451 -0.4041451 )
       (1.0358549 2.8041451 -0.4041451 )
       (1.0358549 1.9958549 0.4041451 )
       (1.8441451 1.9958549 0.4041451 )
       (1.8441451 2.8041451 0.4041451 )
       (1.0358549 2.8041451 0.4041451 )
       (2.4758549 1.9958549 -0.4041451 )
       (3.2841451 1.9958549 -0.4041451 )
       (3.2841451 2.8041451 -0.4041451 )
       (2.4758549 2.8041451 -0.4041451 )
       (2.4758549 1.9958549 0.4041451 )
       (3.2841451 1.9958549 0.4041451 )
       (3.2841451 2.8041451 0.4041451 )
       (2.4758549 2.8041451 0.4041451 )
       (3.9158549 1.9958549 -0.4041451 )
       (4.7241451 1.9958549 -0.4041451 )
       (4.7241451 2.8041451 -0.4041451 )
       (3.9158549 2.8041451 -0.4041451 )
       (3.9158549 1.9958549 0.4041451 )
       (4.7241451 1.9958549 0.4041451 )
       (4.7241451 2.8041451 0.4041451 )
       (3.9158549 2.8041451 0.4041451 )
       (5.3558549 1.9958549 -0.4041451 )
       (6.1641451 1.9958549 -0.4041451 )
       (6.1641451 2.8041451 -0.4041451 )
       (5.3558549 2.8041451 -0.4041451 )
       (5.3558549 1.9958549 0.4041451 )
       (6.1641451 1.9958549 0.4041451 )
       (6.1641451 2.8041451 0.4041451 )
       (5.3558549 2.8041451 0.4041451 )
       (0.3158549 3.1958549 -0.4041451 )
       (1.1241451 3.1958549 -0.4041451 )
       (1.1241451 4.0041451 -0.4041451 )
       (0.3158549 4.0041451 -0.4041451 )
       (0.3158549 3.1958549 0.4041451 )
       (1.1241451 3.1958549 0.4041451 )
       (1.1241451 4.0041451 0.4041451 )
       (0.3158549 4.0041451 0.4041451 )
       (1.7558549 3.1958549 -0.4041451 )
       (2.5641451 3.1958549 -0.4041451 )
       (2.5641451 4.0041451 -0.4041451 )
       (1.7558549 4.0041451 -0.4041451 )
       (1.7558549 3.1958549 0.4041451 )
       (2.5641451 3.1958549 0.4041451 )
       (2.5641451 4.0041451 0.4041451 )
       (1.7558549 4.0041451 0.4041451 )
       (3.1958549 3.1958549 -0.4041451 )
       (4.0041451 3.1958549 -0.4041451 )
       (4.0041451 4.0041451 -0.4041451 )
       (3.1958549 4.0041451 -0.4041451 )
       (3.1958549 3.1958549 0.4041451 )
       (4.0041451 3.1958549 0.4041451 )
       (4.0041451 4.0041451 0.4041451 )
       (3.1958549 4.0041451 0.4041451 )
       (4.6358549 3.1958549 -0.4041451 )
       (5.4441451 3.1958549 -0.4041451 )
       (5.4441451 4.0041451 -0.4041451 )
       (4.6358549 4.0041451 -0.4041451 )
       (4.6358549 3.1958549 0.4041451 )
       (5.4441451 3.1958549 0.4041451 )
       (5.4441451 4.0041451 0.4041451 )
       (4.6358549 4.0041451 0.4041451 )
       (-0.4041451 4.3958549 -0.4041451 )
       (0.4041451 4.3958549 -0.4041451 )
       (0.4041451 5.2041451 -0.4041451 )
       (-0.4041451 5.2041451 -0.4041451 )
       (-0.4041451 4.3958549 0.4041451 )
       (0.4041451 4.3958549 0.4041451 )
       (0.4041451 5.2041451 0.4041451 )
       (-0.4041451 5.2041451 0.4041451 )
       (1.0358549 4.3958549 -0.4041451 )
       (1.8441451 4.3958549 -0.4041451 )
       (1.8441451 5.2041451 -0.4041451 )
       (1.0358549 5.2041451 -0.4041451 )
       (1.0358549 4.3958549 0.4041451 )
       (1.8441451 4.3958549 0.4041451 )
       (1.8441451 5.2041451 0.4041451 )
       (1.0358549 5.2041451 0.4041451 )
       (2.4758549 4.3958549 -0.4041451 )
       (3.2841451 4.3958549 -0.4041451 )
       (3.2841451 5.2041451 -0.4041451 )
       (2.4758549 5.2041451 -0.4041451 )
       (2.4758549 4.3958549 0.4041451 )
       (3.2841451 4.3958549 0.4041451 )
       (3.2841451 5.2041451 0.4041451 )
       (2.4758549 5.2041451 0.4041451 )
       (3.9158549 4.3958549 -0.4041451 )
       (4.7241451 4.3958549 -0.4041451 )
       (4.7241451 5.2041451 -0.4041451 )
       (3.9158549 5.2041451 -0.4041451 )
       (3.9158549 4.3958549 0.4041451 )
       (4.7241451 4.3958549 0.4041451 )
       (4.7241451 5.2041451 0.4041451 )
       (3.9158549 5.2041451 0.4041451 )
       (5.3558549 4.3958549 -0.4041451 )
       (6.1641451 4.3958549 -0.4041451 )
       (6.1641451 5.2041451 -0.4041451 )
       (5.3558549 5.2041451 -0.4041451 )
       (5.3558549 4.3958549 0.4041451 )
       (6.1641451 4.3958549 0.4041451 )
       (6.1641451 5.2041451 0.4041451 )
       (5.3558549 5.2041451 0.4041451 )
	   
	   
	   //Bottom
	   (-0.7  	-3 	 	-0.5) //0)
	   (6.46 	-3 	 	-0.5) //0)
	   (6.46 	-0.8 	-0.5) //0)
	   (-0.7 	-0.8 	-0.5) //0)
	   (-0.7 	-3  	 0.5) //1)  //4th
	   (6.46 	-3  	 0.5) //1)
	   (6.46 	-0.8 	 0.5) //1)
	   (-0.7 	-0.8 	 0.5) //1)
	   
	   //Top
	   (-0.7   	 5.6 	-0.5)
	   (6.46 	 5.6 	-0.5)
	   (6.46 	 7.8 	-0.5)
	   (-0.7 	 7.8 	-0.5)
	   (-0.7 	 5.6 	 0.5)  //4th
	   (6.46 	 5.6 	 0.5)
	   (6.46 	 7.8 	 0.5)
	   (-0.7 	 7.8 	 0.5)
	   
	   
	   //Left
	   (-2.72  	-3 	-0.5)
	   (-0.72 	-3 	-0.5)
	   (-0.72 	 8 	-0.5)
	   (-2.72 	 8 	-0.5)
	   (-2.72 	-3 	 0.5)  //4th
	   (-0.72 	-3 	 0.5)
	   (-0.72 	 8 	 0.5)
	   (-2.72 	 8 	 0.5)
	   
	   
	   //Right
	   (6.48  	-3 	-0.5)
	   (8.48 	-3 	-0.5)
	   (8.48 	 8 	-0.5)
	   (6.48 	 8 	-0.5)
	   (6.48 	-3 	 0.5)  //4th
	   (8.48 	-3 	 0.5)
	   (8.48 	 8 	 0.5)
	   (6.48 	 8 	 0.5)
	   
	   
);
